teleportenabled: true
teleportauto: false
godmode: false
muted: false
jailed: false
ip-address: 127.0.0.1
afk: false
socialspy: false
npc: false
powertoolsenabled: true
accepting-pay: true
baltop-exempt: false
timestamps:
  lastteleport: 1772017737040
  lastheal: 0
  mute: 0
  jail: 0
  onlinejail: 0
  logout: 1772018126541
  login: 1772017688927
  kits:
    dtools: 1771770883933
    starter: 1771768103140
    bow: 1771681185682
    tools: 1771681200532
    artmap: 1771681216382
money: '422.76'
last-account-name: dev_765_________
lastlocation:
  world: 8d9f7df2-d8a3-4d01-9340-98ce4bfe7760
  world-name: world
  x: -34.985046974837765
  y: 67.0
  z: 210.27164991978557
  yaw: -54.89982223510742
  pitch: 35.10000991821289
logoutlocation:
  world: 8d9f7df2-d8a3-4d01-9340-98ce4bfe7760
  world-name: world
  x: 193.67514013801699
  y: 5.0
  z: 353.31351032262796
  yaw: 184.04107666015625
  pitch: 17.849960327148438
homes:
  bal:
    world: 8d9f7df2-d8a3-4d01-9340-98ce4bfe7760
    world-name: world
    x: 151.30000001192093
    y: 8.0
    z: 357.4566311656693
    yaw: 88.6435546875
    pitch: -58.349979400634766
  bruh:
    world: 8d9f7df2-d8a3-4d01-9340-98ce4bfe7760
    world-name: world
    x: 121.30000001192093
    y: 6.0
    z: 373.30000001192093
    yaw: 92.84393310546875
    pitch: 9.600091934204102
  base:
    world: 8d9f7df2-d8a3-4d01-9340-98ce4bfe7760
    world-name: world
    x: 54.601889969186004
    y: 66.0
    z: 362.9055248200161
    yaw: 30.450775146484375
    pitch: 21.749963760375977
nickname: §7dev§8_§0765§f_________
