teleportenabled: true
teleportauto: false
godmode: false
muted: false
jailed: false
ip-address: 127.0.0.1
afk: false
socialspy: false
npc: false
powertoolsenabled: true
accepting-pay: true
baltop-exempt: false
timestamps:
  lastteleport: 1772008470086
  lastheal: 0
  mute: 0
  jail: 0
  onlinejail: 0
  logout: 1772008512000
  login: 1772008380735
  kits:
    dtools: 1771770883933
    starter: 1771768103140
    bow: 1771681185682
    tools: 1771681200532
    artmap: 1771681216382
money: '1422.76'
last-account-name: dev_765_________
lastlocation:
  world: 8d9f7df2-d8a3-4d01-9340-98ce4bfe7760
  world-name: world
  x: 1.9176507699999988E7
  y: 53.13963453200465
  z: -2.3329546300000012E7
  yaw: 114.79043579101562
  pitch: 89.8499984741211
logoutlocation:
  world: 8d9f7df2-d8a3-4d01-9340-98ce4bfe7760
  world-name: world
  x: 1.9176501699999988E7
  y: 64.53584062504456
  z: -2.332954232894838E7
  yaw: -177.4244842529297
  pitch: 38.249996185302734
homes:
  bal:
    world: 8d9f7df2-d8a3-4d01-9340-98ce4bfe7760
    world-name: world
    x: 151.30000001192093
    y: 8.0
    z: 357.4566311656693
    yaw: 88.6435546875
    pitch: -58.349979400634766
  bruh:
    world: 8d9f7df2-d8a3-4d01-9340-98ce4bfe7760
    world-name: world
    x: 121.30000001192093
    y: 6.0
    z: 373.30000001192093
    yaw: 92.84393310546875
    pitch: 9.600091934204102
  base:
    world: 8d9f7df2-d8a3-4d01-9340-98ce4bfe7760
    world-name: world
    x: 54.601889969186004
    y: 66.0
    z: 362.9055248200161
    yaw: 30.450775146484375
    pitch: 21.749963760375977
nickname: §7dev§8_§0765§f_________
