teleportenabled: true
teleportauto: false
godmode: false
muted: false
jailed: false
ip-address: 0:0:0:0:0:0:0:1%0
afk: false
socialspy: false
npc: false
powertoolsenabled: true
accepting-pay: true
baltop-exempt: false
timestamps:
  lastteleport: 1771770970982
  lastheal: 0
  mute: 0
  jail: 0
  onlinejail: 0
  logout: 1771771151835
  login: 1771771072284
  kits:
    tools: 1760310358197
    opkit: 1771770360325
    artmap: 1767364991263
    dtools: 1771769600366
    firework: 1765364499091
    notch: 1765289552479
    pots1: 1765453578613
    night: 1765453743336
    pot1: 1765454530551
    bow: 1767360687000
    starter: 1767659838511
money: '800'
last-account-name: PRO_BRO
logoutlocation:
  world: 8d9f7df2-d8a3-4d01-9340-98ce4bfe7760
  world-name: world
  x: 1.9176827501113847E7
  y: 65.0
  z: -2.332972764773674E7
  yaw: 88.98431396484375
  pitch: 3.899991989135742
lastlocation:
  world: 8d9f7df2-d8a3-4d01-9340-98ce4bfe7760
  world-name: world
  x: -33.00219511092108
  y: 69.0
  z: 199.29403978003202
  yaw: 273.4500732421875
  pitch: -1.9499826431274414
homes:
  home:
    world: 8d9f7df2-d8a3-4d01-9340-98ce4bfe7760
    world-name: world
    x: 1.9176790070589907E7
    y: 103.0
    z: -2.3329589983671866E7
    yaw: 292.5341796875
    pitch: 7.724190711975098
  a:
    world: 8d9f7df2-d8a3-4d01-9340-98ce4bfe7760
    world-name: world
    x: 1.917679169969719E7
    y: 103.0
    z: -2.3329589005078677E7
    yaw: 292.5341796875
    pitch: 7.724190711975098
  red:
    world: 8d9f7df2-d8a3-4d01-9340-98ce4bfe7760
    world-name: world
    x: 444.30497708763545
    y: 6.0
    z: -541.7436913464625
    yaw: -100.01463317871094
    pitch: -11.246356964111328
  k:
    world: 8d9f7df2-d8a3-4d01-9340-98ce4bfe7760
    world-name: world
    x: 1.4677568521179244E7
    y: 79.7283502290349
    z: -1.9109638841414925E7
    yaw: 318.486572265625
    pitch: 19.199918746948242
  end:
    world: 8d9f7df2-d8a3-4d01-9340-98ce4bfe7760
    world-name: world
    x: -1193.5794432023577
    y: 20.0
    z: 1309.4020022619577
    yaw: 90.30029296875
    pitch: 20.549968719482422
nickname: §4§mPRO§0§l_BRO
