teleportenabled: true
teleportauto: false
godmode: false
muted: false
jailed: false
ip-address: 127.0.0.1
afk: true
socialspy: false
npc: false
powertoolsenabled: true
accepting-pay: true
baltop-exempt: false
timestamps:
  lastteleport: 1772016552885
  lastheal: 0
  mute: 0
  jail: 0
  onlinejail: 0
  logout: 1772018126539
  login: 1772014925576
  kits:
    tools: 1760310358197
    opkit: 1771770360325
    artmap: 1767364991263
    dtools: 1771769600366
    firework: 1765364499091
    notch: 1765289552479
    pots1: 1765453578613
    night: 1765453743336
    pot1: 1765454530551
    bow: 1767360687000
    starter: 1767659838511
money: '1800'
last-account-name: PRO_BRO
logoutlocation:
  world: 8d9f7df2-d8a3-4d01-9340-98ce4bfe7760
  world-name: world
  x: 1.9176501328306377E7
  y: 52.0
  z: -2.3329561744866982E7
  yaw: 294.0240478515625
  pitch: 15.899917602539062
lastlocation:
  world: 8d9f7df2-d8a3-4d01-9340-98ce4bfe7760
  world-name: world
  x: 1.9176500697940886E7
  y: 63.0
  z: -2.332956203572523E7
  yaw: 158.57598876953125
  pitch: 28.349740982055664
homes:
  home:
    world: 8d9f7df2-d8a3-4d01-9340-98ce4bfe7760
    world-name: world
    x: 1.9176790070589907E7
    y: 103.0
    z: -2.3329589983671866E7
    yaw: 292.5341796875
    pitch: 7.724190711975098
  a:
    world: 8d9f7df2-d8a3-4d01-9340-98ce4bfe7760
    world-name: world
    x: 1.917679169969719E7
    y: 103.0
    z: -2.3329589005078677E7
    yaw: 292.5341796875
    pitch: 7.724190711975098
  red:
    world: 8d9f7df2-d8a3-4d01-9340-98ce4bfe7760
    world-name: world
    x: 444.30497708763545
    y: 6.0
    z: -541.7436913464625
    yaw: -100.01463317871094
    pitch: -11.246356964111328
  k:
    world: 8d9f7df2-d8a3-4d01-9340-98ce4bfe7760
    world-name: world
    x: 1.4677568521179244E7
    y: 79.7283502290349
    z: -1.9109638841414925E7
    yaw: 318.486572265625
    pitch: 19.199918746948242
  end:
    world: 8d9f7df2-d8a3-4d01-9340-98ce4bfe7760
    world-name: world
    x: -1193.5794432023577
    y: 20.0
    z: 1309.4020022619577
    yaw: 90.30029296875
    pitch: 20.549968719482422
nickname: §4§mPRO§0§l_BRO
