world: 8d9f7df2-d8a3-4d01-9340-98ce4bfe7760
world-name: world
x: 1.9176500956876382E7
y: 73.0
z: -2.332954324283101E7
yaw: -0.409576416015625
pitch: 17.549978256225586
name: pvp1
lastowner: b5584e1b-4b62-3c2f-a050-06703efbcf83
