world: 8d9f7df2-d8a3-4d01-9340-98ce4bfe7760
world-name: world
x: 1.917650088283693E7
y: 63.0
z: -2.3329543582378365E7
yaw: -1.4744571447372437
pitch: 41.39991760253906
name: pvp2
lastowner: b5584e1b-4b62-3c2f-a050-06703efbcf83
