world: 8d9f7df2-d8a3-4d01-9340-98ce4bfe7760
world-name: world
x: 1.917650099887941E7
y: 63.0
z: -2.3329553102465905E7
yaw: 358.0757751464844
pitch: 5.399746894836426
name: pvp2
lastowner: b5584e1b-4b62-3c2f-a050-06703efbcf83
